0 0.5 0.38541666761363635 0.1609375 0.38541666761363635 0.1609375 0.5750000000000001 0.5 0.5750000000000001 0.5 0.38541666761363635
0 0.7078125 0.43125 0.478125 0.43125 0.478125 0.5541666676136363 0.7078125 0.5541666676136363 0.7078125 0.43125
0 0.8359375 0.59375 0.471875 0.59375 0.471875 0.7791666676136363 0.8359375 0.7791666676136363 0.8359375 0.59375
0 0.66875 0.8270833323863637 0.3265625 0.8270833323863637 0.3265625 0.9729166676136363 0.66875 0.9729166676136363 0.66875 0.8270833323863637
0 0.4265625 0.6770833323863636 0.221875 0.6770833323863636 0.221875 0.8020833323863635 0.4265625 0.8020833323863635 0.4265625 0.6770833323863636
0 0.19375 0.6437499999999999 0.0515625 0.6437499999999999 0.0515625 0.7895833323863637 0.19375 0.7895833323863637 0.19375 0.6437499999999999
0 0.7234375 0.004166667613636364 0.346875 0.004166667613636364 0.346875 0.18333333238636362 0.7234375 0.18333333238636362 0.7234375 0.004166667613636364
0 0.94375 0.35000000000000003 0.6140625 0.35000000000000003 0.6140625 0.5499999999999999 0.94375 0.5499999999999999 0.94375 0.35000000000000003
0 0.996875 0.8125 0.796875 0.8125 0.796875 0.9979166676136363 0.996875 0.9979166676136363 0.996875 0.8125
0 0.7765625 1 0.7765625 0.9083333323863637 0.6265625 0.9083333323863637 0.6265625 1 0.7765625 1
0 0.2078125 1 0.2078125 0.83125 0.003125 0.83125 0.003125 1 0.2078125 1
0 0.334375 0.14791666761363637 0.003125 0.14791666761363637 0.003125 0.38333333238636363 0.334375 0.38333333238636363 0.334375 0.14791666761363637
0 1 0.09583333238636364 0.76875 0.09583333238636364 0.76875 0.3625 1 0.3625 1 0.09583333238636364