0 0.5921875 0.4625 0.4453125 0.4625
0 0.5546875 0.19166666761363638 0.4609375 0.19166666761363638
0 0.434375 0.027083332386363637 0.290625 0.027083332386363637
0 0.2578125 0.25833333238636363 0.146875 0.25833333238636363
0 0.3703125 0.5770833323863637 0.2765625 0.5770833323863637
0 0.396875 0.8833333323863637 0.2875 0.8833333323863637
0 0.875 0.15 0.7390625 0.15
0 0.4625 0 0.4625 0.32083333238636363
0 0.128125 0 0.128125 0.09583333238636364
0 0.1953125 0.11875 0.125 0.11875
0 0.2578125 0.875 0.128125 0.875
0 0.7703125 0.6729166676136363 0.590625 0.6729166676136363
0 0.603125 0 0.603125 0.10416666761363635
