0 0.840625 0.3604166676136364 0.5 0.3604166676136364
0 0.521875 0.40625 0.29375 0.40625
0 0.528125 0.17916666761363637 0.165625 0.17916666761363637
0 0.33125 0 0.33125 0.14791666761363637
0 0.778125 0.13749999999999998 0.575 0.13749999999999998
0 0.95 0.13749999999999998 0.80625 0.13749999999999998
0 0.653125 0.7666666676136363 0.278125 0.7666666676136363
0 0.3875 0.4208333323863636 0.05625 0.4208333323863636
0 0.003125 0 0.003125 0.1875
0 0.2234375 0 0.2234375 0.075
0 0.79375 0 0.79375 0.10833333238636364
0 0.996875 0.5395833323863637 0.665625 0.5395833323863637
0 0 0.9041666676136363 0.23125 0.9041666676136363
