0 0.9875 0.16093749999999998 0.7125 0.16093749999999998
0 0.8640625 0.33749999999999997 0.6015625 0.33749999999999997
0 0.715625 0.17500000000000002 0.496875 0.17500000000000002
0 0.5203125 0.13593750000000002 0.2265625 0.13593750000000002
0 0.3453125 0.27968750000000003 0.096875 0.27968750000000003
0 0.2703125 0.41875 0.03125 0.41875
0 0.5078125 0.384375 0.271875 0.384375
0 0.4109375 0.4671875 0.1859375 0.4671875
0 0.5703125 0.59375 0.3625 0.59375
0 0.6984375 0.4640625 0.4515625 0.4640625
