0 0.6921875 0.1944444431818182 0.553125 0.1944444431818182 0.553125 0.325 0.6921875 0.325 0.6921875 0.1944444431818182
0 0.6421875 0.47777777840909086 0.5734375 0.47777777840909086 0.5734375 0.5444444431818182 0.6421875 0.5444444431818182 0.6421875 0.47777777840909086
0 0.4546875 0.37222222159090906 0.346875 0.37222222159090906 0.346875 0.4444444431818182 0.4546875 0.4444444431818182 0.4546875 0.37222222159090906
0 0.3265625 0.47222222159090904 0.2578125 0.47222222159090904 0.2578125 0.5166666676136363 0.3265625 0.5166666676136363 0.3265625 0.47222222159090904
0 0.3015625 0.6 0.2578125 0.6 0.2578125 0.6277777784090909 0.3015625 0.6277777784090909 0.3015625 0.6
0 0.3796875 0.5750000000000001 0.3265625 0.5750000000000001 0.3265625 0.6083333323863637 0.3796875 0.6083333323863637 0.3796875 0.5750000000000001
0 0.3234375 0.65 0.2890625 0.65 0.2890625 0.6749999999999999 0.3234375 0.6749999999999999 0.3234375 0.65
0 0.403125 0.6611111107954545 0.371875 0.6611111107954545 0.371875 0.6833333323863636 0.403125 0.6833333323863636 0.403125 0.6611111107954545
0 0.4265625 0.625 0.3828125 0.625 0.3828125 0.6472222215909091 0.4265625 0.6472222215909091 0.4265625 0.625
0 0.515625 0.5277777784090909 0.4484375 0.5277777784090909 0.4484375 0.5722222215909091 0.515625 0.5722222215909091 0.515625 0.5277777784090909
0 0.5265625 0.6055555568181817 0.4796875 0.6055555568181817 0.4796875 0.6333333323863637 0.5265625 0.6333333323863637 0.5265625 0.6055555568181817
0 0.5265625 0.6444444431818183 0.4890625 0.6444444431818183 0.4890625 0.6666666676136364 0.5265625 0.6666666676136364 0.5265625 0.6444444431818183
0 0.234375 0.5166666676136363 0.1671875 0.5166666676136363 0.1671875 0.5611111107954545 0.234375 0.5611111107954545 0.234375 0.5166666676136363
0 0.1703125 0.5666666676136364 0.1171875 0.5666666676136364 0.1171875 0.5944444431818181 0.1703125 0.5944444431818181 0.1703125 0.5666666676136364
0 0.1078125 0.6027777784090909 0.0671875 0.6027777784090909 0.0671875 0.6305555568181819 0.1078125 0.6305555568181819 0.1078125 0.6027777784090909
0 0.2296875 0.6333333323863637 0.1921875 0.6333333323863637 0.1921875 0.65 0.2296875 0.65 0.2296875 0.6333333323863637
0 0.875 0.39722222159090914 0.7765625 0.39722222159090914 0.7765625 0.45833333238636365 0.875 0.45833333238636365 0.875 0.39722222159090914
0 0.7921875 0.5444444431818182 0.715625 0.5444444431818182 0.715625 0.5944444431818181 0.7921875 0.5944444431818181 0.7921875 0.5444444431818182
0 0.9765625 0.5027777784090909 0.9140625 0.5027777784090909 0.9140625 0.5416666676136364 0.9765625 0.5416666676136364 0.9765625 0.5027777784090909
0 0.6453125 0.5833333323863636 0.5921875 0.5833333323863636 0.5921875 0.6111111107954545 0.6453125 0.6111111107954545 0.6453125 0.5833333323863636