0 0.69375 0.6777777784090909 0.55625 0.6777777784090909 0.55625 0.8083333323863637 0.69375 0.8083333323863637 0.69375 0.6777777784090909
0 0.646875 0.45833333238636365 0.578125 0.45833333238636365 0.578125 0.5222222215909091 0.646875 0.5222222215909091 0.646875 0.45833333238636365
0 0.4578125 0.5555555568181818 0.3515625 0.5555555568181818 0.3515625 0.6305555568181819 0.4578125 0.6305555568181819 0.4578125 0.5555555568181818
0 0.3328125 0.48611111079545455 0.2625 0.48611111079545455 0.2625 0.5277777784090909 0.3328125 0.5277777784090909 0.3328125 0.48611111079545455
0 0.3078125 0.37222222159090906 0.2640625 0.37222222159090906 0.2640625 0.4 0.3078125 0.4 0.3078125 0.37222222159090906
0 0.3859375 0.3916666676136364 0.3328125 0.3916666676136364 0.3328125 0.425 0.3859375 0.425 0.3859375 0.3916666676136364
0 0.3296875 0.32777777840909095 0.2953125 0.32777777840909095 0.2953125 0.3527777784090909 0.3296875 0.3527777784090909 0.3296875 0.32777777840909095
0 0.4109375 0.3194444431818182 0.378125 0.3194444431818182 0.378125 0.33888888920454546 0.4109375 0.33888888920454546 0.4109375 0.3194444431818182
0 0.4328125 0.3527777784090909 0.3890625 0.3527777784090909 0.3890625 0.375 0.4328125 0.375 0.4328125 0.3527777784090909
0 0.5203125 0.4305555568181818 0.4546875 0.4305555568181818 0.4546875 0.47222222159090904 0.5203125 0.47222222159090904 0.5203125 0.4305555568181818
0 0.5328125 0.3694444431818182 0.4859375 0.3694444431818182 0.4859375 0.3944444431818182 0.5328125 0.3944444431818182 0.5328125 0.3694444431818182
0 0.5328125 0.3361111107954545 0.4953125 0.3361111107954545 0.4953125 0.35555555681818185 0.5328125 0.35555555681818185 0.5328125 0.3361111107954545
0 0.2390625 0.4416666676136364 0.1734375 0.4416666676136364 0.1734375 0.4833333323863636 0.2390625 0.4833333323863636 0.2390625 0.4416666676136364
0 0.1765625 0.40555555681818184 0.1234375 0.40555555681818184 0.1234375 0.43611111079545456 0.1765625 0.43611111079545456 0.1765625 0.40555555681818184
0 0.1140625 0.3694444431818182 0.0734375 0.3694444431818182 0.0734375 0.39722222159090914 0.1140625 0.39722222159090914 0.1140625 0.3694444431818182
0 0.2359375 0.35000000000000003 0.1984375 0.35000000000000003 0.1984375 0.3694444431818182 0.2359375 0.3694444431818182 0.2359375 0.35000000000000003
0 0.878125 0.5416666676136364 0.78125 0.5416666676136364 0.78125 0.6027777784090909 0.878125 0.6027777784090909 0.878125 0.5416666676136364
0 0.796875 0.4083333323863636 0.7234375 0.4083333323863636 0.7234375 0.45555555681818183 0.796875 0.45555555681818183 0.796875 0.4083333323863636
0 0.9828125 0.45833333238636365 0.91875 0.45833333238636365 0.91875 0.49722222159090906 0.9828125 0.49722222159090906 0.9828125 0.45833333238636365
0 0.6515625 0.38888888920454545 0.5984375 0.38888888920454545 0.5984375 0.41944444318181817 0.6515625 0.41944444318181817 0.6515625 0.38888888920454545