0 0.3953125 0.13055555681818182 0.3171875 0.13055555681818182 0.3171875 0.3805555568181818 0.3953125 0.3805555568181818 0.3953125 0.13055555681818182
0 0.51875 0.20555555681818183 0.478125 0.20555555681818183 0.478125 0.33055555681818183 0.51875 0.33055555681818183 0.51875 0.20555555681818183
0 0.453125 0.547222221590909 0.4078125 0.547222221590909 0.4078125 0.7361111107954545 0.453125 0.7361111107954545 0.453125 0.547222221590909
0 0.4890625 0.7694444431818183 0.4609375 0.7694444431818183 0.4609375 0.8916666676136363 0.4890625 0.8916666676136363 0.4890625 0.7694444431818183
0 0.55 0.8055555568181819 0.5328125 0.8055555568181819 0.5328125 0.8861111107954546 0.55 0.8861111107954546 0.55 0.8055555568181819
0 0.5421875 0.6666666676136364 0.521875 0.6666666676136364 0.521875 0.7638888892045455 0.5421875 0.7638888892045455 0.5421875 0.6666666676136364
0 0.5765625 0.7666666676136363 0.5625 0.7666666676136363 0.5625 0.8277777784090908 0.5765625 0.8277777784090908 0.5765625 0.7666666676136363
0 0.5859375 0.625 0.571875 0.625 0.571875 0.6805555568181818 0.5859375 0.6805555568181818 0.5859375 0.625
0 0.5671875 0.5833333323863636 0.5515625 0.5833333323863636 0.5515625 0.6611111107954545 0.5671875 0.6611111107954545 0.5671875 0.5833333323863636
0 0.528125 0.4305555568181818 0.5 0.4305555568181818 0.5 0.547222221590909 0.528125 0.547222221590909 0.528125 0.4305555568181818
0 0.5640625 0.40555555681818184 0.5453125 0.40555555681818184 0.5453125 0.48888888920454543 0.5640625 0.48888888920454543 0.5640625 0.40555555681818184
0 0.5828125 0.40555555681818184 0.5671875 0.40555555681818184 0.5671875 0.47222222159090904 0.5828125 0.47222222159090904 0.5828125 0.40555555681818184
0 0.509375 0.9305555568181819 0.4828125 0.9305555568181819 0.4828125 0.9694444431818181 0.509375 0.9694444431818181 0.509375 0.9305555568181819
0 0.559375 0.9333333323863637 0.5484375 0.9333333323863637 0.5484375 0.9638888892045454 0.559375 0.9638888892045454 0.559375 0.9333333323863637
0 0.521875 0 0.521875 0.07222222159090909 0.553125 0.07222222159090909 0.553125 0 0.521875 0
0 0.55625 0.1944444431818182 0.5390625 0.1944444431818182 0.5390625 0.29166666761363635 0.55625 0.29166666761363635 0.55625 0.1944444431818182