0 0.5 0.38541666666666674 0.16093750000000004 0.3854166666666667
0 0.7078125 0.43125000000000013 0.478125 0.43125000000000013
0 0.8359375 0.5937500000000001 0.471875 0.59375
0 0.6687500000000001 0.8270833333333333 0.3265625000000001 0.8270833333333333
0 0.4265625 0.6770833333333334 0.2218750000000001 0.6770833333333334
0 0.19375000000000006 0.64375 0.05156250000000007 0.64375
0 0.7234375 0.004166666666666754 0.346875 0.004166666666666724
0 0.94375 0.35000000000000014 0.6140625 0.35000000000000014
0 0.996875 0.8125000000000002 0.796875 0.8125000000000002
0 0.7765625 0.9083333333333334 0.6265625 0.9083333333333333
0 0.2078125000000001 0.83125 0.0031250000000000765 0.83125
0 0.334375 0.1479166666666667 0.003125000000000014 0.14791666666666667
0 1 0.09583333333333348 0.76875 0.09583333333333345
