0 0.840625 0.3604166666666668 0.5 0.3604166666666668
0 0.521875 0.40625000000000006 0.29375 0.40625
0 0.528125 0.1791666666666667 0.165625 0.17916666666666667
0 0.675 8.215338944280162e-17 0.33125 5.4088566962341435e-17
0 0.778125 0.13750000000000012 0.575 0.13750000000000012
0 0.95 0.13750000000000015 0.80625 0.13750000000000012
0 0.6531250000000001 0.7666666666666667 0.27812500000000007 0.7666666666666667
0 0.38750000000000007 0.4208333333333334 0.05625000000000004 0.42083333333333334
0 0.203125 1.6838893488276106e-17 0.003125 5.102694996447305e-19
0 0.3734375 4.873073721607177e-17 0.2234375 3.648426922459823e-17
0 0.996875 1.461922116482153e-16 0.79375 1.2960845290976155e-16
0 0.996875 0.5395833333333334 0.665625 0.5395833333333333
0 0.2312500000000001 0.61875 5.683126552293186e-17 0.61875
