0 0.5921875 0.46250000000000013 0.4453125 0.46250000000000013
0 0.5546875 0.19166666666666676 0.4609375 0.19166666666666674
0 0.434375 0.027083333333333393 0.290625 0.02708333333333338
0 0.25781250000000006 0.25833333333333336 0.14687500000000003 0.25833333333333336
0 0.3703125000000001 0.5770833333333333 0.2765625000000001 0.5770833333333333
0 0.3968750000000001 0.8833333333333333 0.2875000000000001 0.8833333333333333
0 0.875 0.1500000000000001 0.7390625 0.1500000000000001
0 0.6140625 8.789392131380484e-17 0.4625 7.551988594742011e-17
0 0.265625 3.2146978477618024e-17 0.128125 2.092104948543395e-17
0 0.19531250000000003 0.11875000000000004 0.125 0.11875000000000004
0 0.2578125000000001 0.875 0.1281250000000001 0.875
0 0.7703125 0.6729166666666668 0.590625 0.6729166666666667
0 0.803125 1.1481063742006435e-16 0.603125 9.848201343143299e-17
