0 0.9875 0.16093750000000012 0.7125 0.1609375000000001
0 0.8640625 0.3375000000000001 0.6015625 0.3375000000000001
0 0.715625 0.17500000000000007 0.496875 0.17500000000000004
0 0.5203125 0.13593750000000004 0.2265625 0.13593750000000004
0 0.3453125 0.2796875 0.09687500000000004 0.2796875
0 0.27031250000000007 0.41875 0.031250000000000056 0.41875
0 0.5078125 0.384375 0.2718750000000001 0.384375
0 0.4109375 0.4671875 0.18593750000000003 0.4671875
0 0.5703125000000001 0.59375 0.3625000000000001 0.59375
0 0.6984375 0.4640625 0.4515625 0.4640625
