0 0.7625000000000002 0.7359375000000001 0.5406250000000001 0.7359375
0 0.5984375000000001 0.6125 0.3984375000000001 0.6125
0 0.7703125000000001 0.5203125000000001 0.55625 0.5203125
0 0.8296875 0.2531250000000001 0.5828125 0.2531250000000001
0 0.7 0.11406250000000007 0.4953125 0.11406250000000004
0 0.56875 0.039062500000000056 0.375 0.03906250000000004
0 0.58125 0.2812500000000001 0.4046875 0.2812500000000001
0 0.50625 0.18750000000000006 0.2921875 0.18750000000000006
0 0.36562500000000003 0.35468750000000004 0.2 0.3546875
0 0.484375 0.4546875 0.2921875000000001 0.4546875
