0 0.6921875 0.19444444444444461 0.553125 0.19444444444444461
0 0.6421875 0.4777777777777779 0.5734375 0.4777777777777779
0 0.4546875 0.3722222222222223 0.346875 0.37222222222222223
0 0.3265625 0.4722222222222222 0.2578125 0.4722222222222222
0 0.3015625 0.6 0.2578125 0.6
0 0.3796875 0.5750000000000001 0.3265625 0.575
0 0.3234375000000001 0.65 0.2890625000000001 0.65
0 0.403125 0.6611111111111113 0.37187500000000007 0.6611111111111113
0 0.4265625 0.6250000000000001 0.3828125 0.6250000000000001
0 0.515625 0.5277777777777779 0.4484375 0.5277777777777779
0 0.5265625 0.6055555555555557 0.4796875 0.6055555555555557
0 0.5265625 0.6444444444444446 0.4890625 0.6444444444444446
0 0.234375 0.5166666666666667 0.16718750000000004 0.5166666666666667
0 0.17031250000000003 0.5666666666666667 0.11718750000000004 0.5666666666666667
0 0.10781250000000005 0.6027777777777777 0.06718750000000004 0.6027777777777777
0 0.22968750000000004 0.6333333333333333 0.19218750000000004 0.6333333333333333
0 0.875 0.39722222222222237 0.7765625 0.39722222222222237
0 0.7921875 0.5444444444444446 0.715625 0.5444444444444446
0 0.9765625 0.502777777777778 0.9140625 0.502777777777778
0 0.6453125 0.5833333333333335 0.5921875 0.5833333333333335
