0 0.3953125 0.13055555555555565 0.3171875 0.13055555555555565
0 0.51875 0.20555555555555563 0.478125 0.20555555555555563
0 0.453125 0.5472222222222224 0.4078125 0.5472222222222224
0 0.4890625 0.7694444444444445 0.4609375 0.7694444444444445
0 0.55 0.8055555555555556 0.5328125 0.8055555555555556
0 0.5421875 0.6666666666666669 0.521875 0.6666666666666669
0 0.5765625 0.7666666666666667 0.5625 0.7666666666666667
0 0.5859375 0.6250000000000001 0.571875 0.6250000000000001
0 0.5671875 0.5833333333333335 0.5515625 0.5833333333333335
0 0.528125 0.4305555555555557 0.5 0.4305555555555557
0 0.5640625 0.4055555555555557 0.5453125 0.4055555555555557
0 0.5828125 0.4055555555555557 0.5671875 0.4055555555555557
0 0.509375 0.9305555555555556 0.4828125 0.9305555555555556
0 0.559375 0.9333333333333333 0.5484375 0.9333333333333333
0 0.553125 1.1702180525185821e-16 0.521875 1.1362000858756e-16
0 0.55625 0.19444444444444456 0.5390625 0.19444444444444453
