0 0.69375 0.6777777777777779 0.55625 0.6777777777777779
0 0.646875 0.4583333333333335 0.578125 0.4583333333333335
0 0.4578125 0.5555555555555556 0.3515625 0.5555555555555556
0 0.3328125 0.4861111111111111 0.2625 0.4861111111111111
0 0.3078125 0.37222222222222223 0.2640625 0.37222222222222223
0 0.3859375 0.3916666666666667 0.3328125 0.39166666666666666
0 0.3296875 0.32777777777777783 0.2953125 0.32777777777777783
0 0.4109375 0.31944444444444453 0.378125 0.31944444444444453
0 0.4328125 0.35277777777777786 0.3890625 0.35277777777777786
0 0.5203125 0.4305555555555557 0.4546875 0.4305555555555557
0 0.5328125 0.3694444444444446 0.4859375 0.3694444444444446
0 0.5328125 0.3361111111111112 0.4953125 0.3361111111111112
0 0.2390625 0.44166666666666665 0.17343750000000005 0.44166666666666665
0 0.17656250000000004 0.40555555555555556 0.12343750000000005 0.40555555555555556
0 0.11406250000000004 0.36944444444444446 0.07343750000000002 0.36944444444444446
0 0.2359375 0.3500000000000001 0.19843750000000004 0.3500000000000001
0 0.878125 0.5416666666666669 0.78125 0.5416666666666669
0 0.796875 0.4083333333333335 0.7234375 0.4083333333333335
0 0.9828125 0.4583333333333335 0.91875 0.4583333333333335
0 0.6515625 0.38888888888888906 0.5984375 0.38888888888888906
