0 0.670312 0.468750 0.340625 0.216667
0 0.407813 0.477083 0.228125 0.141667
0 0.346875 0.287500 0.362500 0.216667
0 0.503125 0.073958 0.343750 0.147917
0 0.676562 0.208333 0.203125 0.141667
0 0.878125 0.215625 0.143750 0.156250
0 0.465625 0.870833 0.375000 0.208333
0 0.221875 0.533333 0.331250 0.225000
0 0.103125 0.093750 0.200000 0.187500
0 0.298438 0.037500 0.150000 0.075000
0 0.895312 0.054167 0.203125 0.108333
0 0.831250 0.670833 0.331250 0.262500
0 0.115625 0.761458 0.231250 0.285417
