0 0.330469 0.480208 0.339062 0.189583
0 0.592969 0.492708 0.229687 0.122917
0 0.653906 0.686458 0.364063 0.185417
0 0.497656 0.900000 0.342187 0.145833
0 0.324219 0.739583 0.204688 0.125000
0 0.122656 0.716667 0.142188 0.145833
0 0.535156 0.093750 0.376562 0.179167
0 0.778906 0.450000 0.329688 0.200000
0 0.896875 0.905208 0.200000 0.185417
0 0.701563 0.954167 0.150000 0.091667
0 0.105469 0.915625 0.204688 0.168750
0 0.168750 0.265625 0.331250 0.235417
0 0.884375 0.229167 0.231250 0.266667
