0 0.518750 0.694792 0.146875 0.464583
0 0.507812 0.345833 0.093750 0.308333
0 0.362500 0.272917 0.143750 0.491667
0 0.202344 0.491667 0.110937 0.466667
0 0.323437 0.715625 0.093750 0.277083
0 0.342187 0.933333 0.109375 0.100000
0 0.807031 0.404167 0.135938 0.508333
0 0.538281 0.160417 0.151562 0.320833
0 0.196875 0.047917 0.137500 0.095833
0 0.160156 0.220833 0.070312 0.204167
0 0.192969 0.933333 0.129688 0.116667
0 0.680469 0.817708 0.179688 0.289583
0 0.703125 0.052083 0.200000 0.104167
