0 0.622656 0.259722 0.139062 0.130556
0 0.607813 0.511111 0.068750 0.066667
0 0.400781 0.408333 0.107813 0.072222
0 0.292187 0.494444 0.068750 0.044444
0 0.279687 0.613889 0.043750 0.027778
0 0.353125 0.591667 0.053125 0.033333
0 0.306250 0.662500 0.034375 0.025000
0 0.387500 0.672222 0.031250 0.022222
0 0.404687 0.636111 0.043750 0.022222
0 0.482031 0.550000 0.067188 0.044444
0 0.503125 0.619444 0.046875 0.027778
0 0.507812 0.655556 0.037500 0.022222
0 0.200781 0.538889 0.067188 0.044444
0 0.143750 0.580556 0.053125 0.027778
0 0.087500 0.616667 0.040625 0.027778
0 0.210938 0.641667 0.037500 0.016667
0 0.825781 0.427778 0.098437 0.061111
0 0.753906 0.569444 0.076563 0.050000
0 0.945312 0.522222 0.062500 0.038889
0 0.618750 0.597222 0.053125 0.027778
