0 0.625000 0.743056 0.137500 0.130556
0 0.612500 0.490278 0.068750 0.063889
0 0.404687 0.593056 0.106250 0.075000
0 0.297656 0.506944 0.070312 0.041667
0 0.285937 0.386111 0.043750 0.027778
0 0.359375 0.408333 0.053125 0.033333
0 0.312500 0.340278 0.034375 0.025000
0 0.394531 0.329167 0.032813 0.019444
0 0.410937 0.363889 0.043750 0.022222
0 0.487500 0.451389 0.065625 0.041667
0 0.509375 0.381944 0.046875 0.025000
0 0.514062 0.345833 0.037500 0.019444
0 0.206250 0.462500 0.065625 0.041667
0 0.150000 0.420833 0.053125 0.030556
0 0.093750 0.383333 0.040625 0.027778
0 0.217187 0.359722 0.037500 0.019444
0 0.829688 0.572222 0.096875 0.061111
0 0.760156 0.431944 0.073438 0.047222
0 0.950781 0.477778 0.064063 0.038889
0 0.625000 0.404167 0.053125 0.030556
